# red
addElement(bar, 0, 0, 1.73, 3, 190000000, 0.0052956, 0.0000295)
addElement(bar, 29.41, 3, 31.14, 0, 190000000, 0.0052956, 0.0000295)
# green bottom
addElement(bar, 0, 0, 3.46, 0, 190000000, 0.0016256, 0.0000112)
addElement(bar, 3.46, 0, 6.92, 0, 190000000, 0.0016256, 0.0000112)
addElement(bar, 6.92, 0, 10.38, 0, 190000000, 0.0016256, 0.0000112)
addElement(bar, 10.38, 0, 13.84, 0, 190000000, 0.0016256, 0.0000112)
addElement(bar, 13.84, 0, 17.3, 0, 190000000, 0.0016256, 0.0000112)
addElement(bar, 17.3, 0, 20.76, 0, 190000000, 0.0016256, 0.0000112)
addElement(bar, 20.76, 0, 24.22, 0, 190000000, 0.0016256, 0.0000112)
addElement(bar, 24.22, 0, 27.68, 0, 190000000, 0.0016256, 0.0000112)
addElement(bar, 27.68, 0, 31.14, 0, 190000000, 0.0016256, 0.0000112)
# green top
addElement(bar, 1.73, 3, 5.19, 3, 190000000, 0.0016256, 0.0000112)
addElement(bar, 5.19, 3, 8.65, 3, 190000000, 0.0016256, 0.0000112)
addElement(bar, 8.65, 3, 12.11, 3, 190000000, 0.0016256, 0.0000112)
addElement(bar, 12.11, 3, 15.57, 3, 190000000, 0.0016256, 0.0000112)
addElement(bar, 15.57, 3, 19.03, 3, 190000000, 0.0016256, 0.0000112)
addElement(bar, 19.03, 3, 22.49, 3, 190000000, 0.0016256, 0.0000112)
addElement(bar, 22.49, 3, 25.95, 3, 190000000, 0.0016256, 0.0000112)
addElement(bar, 25.95, 3, 29.41, 3, 190000000, 0.0016256, 0.0000112)
# blue
addElement(bar, 0, 0, 1.73, 3, 190000000, 0.0014224, 0.0000059)
addElement(bar, 1.73, 3, 3.46, 0, 190000000, 0.0014224, 0.0000059)
addElement(bar, 3.46, 0, 5.19, 3, 190000000, 0.0014224, 0.0000059)
addElement(bar, 5.19, 3, 6.92, 0, 190000000, 0.0014224, 0.0000059)
addElement(bar, 6.92, 0, 8.65, 3, 190000000, 0.0014224, 0.0000059)
addElement(bar, 8.65, 3, 10.38, 0, 190000000, 0.0014224, 0.0000059)
addElement(bar, 10.38, 0, 12.11, 3, 190000000, 0.0014224, 0.0000059)
addElement(bar, 12.11, 3, 13.84, 0, 190000000, 0.0014224, 0.0000059)
addElement(bar, 13.84, 0, 15.57, 3, 190000000, 0.0014224, 0.0000059)
addElement(bar, 15.57, 3, 17.3, 0, 190000000, 0.0014224, 0.0000059)
addElement(bar, 17.3, 0, 19.03, 3, 190000000, 0.0014224, 0.0000059)
addElement(bar, 19.03, 3, 20.76, 0, 190000000, 0.0014224, 0.0000059)
addElement(bar, 20.76, 0, 22.49, 3, 190000000, 0.0014224, 0.0000059)
addElement(bar, 22.49, 3, 24.22, 0, 190000000, 0.0014224, 0.0000059)
addElement(bar, 24.22, 0, 25.95, 3, 190000000, 0.0014224, 0.0000059)
addElement(bar, 25.95, 3, 27.68, 0, 190000000, 0.0014224, 0.0000059)
addElement(bar, 27.68, 0, 29.41, 3, 190000000, 0.0014224, 0.0000059)
addElement(bar, 29.41, 3, 31.14, 0, 190000000, 0.0014224, 0.0000059)
# add Loads
addForce(0,0,6, -90, 3.46, 0, 6, -90, false)
addForce(3.46,0,6, -90, 6.92, 0, 6, -90, false)
addForce(6.92,0,6, -90, 10.38, 0, 6, -90, false)
addForce(10.38,0,6, -90, 13.84, 0, 6, -90, false)
addForce(13.84,0,6, -90, 17.3, 0, 6, -90, false)
addForce(17.3,0,6, -90, 20.76, 0, 6, -90, false)
addForce(20.76,0,6, -90, 24.22, 0, 6, -90, false)
addForce(24.22,0,6, -90, 27.68, 0, 6, -90, false)
addForce(27.68,0,6, -90, 31.14, 0, 6, -90, false)
# add BC
addBC(0, 0, xDisplacement,0)
addBC(0, 0, yDisplacement,0)
addBC(31.14, 0, xDisplacement,0)
addBC(31.14, 0, yDisplacement,0)